0.161590 0.400396 0.438014
0.241639 0.608397 0.149963
0.364759 0.608932 0.026309
0.350104 0.532839 0.117058
0.999980 0.000010 0.000010
0.298395 0.635138 0.066467
0.158098 0.554566 0.287336
0.396093 0.603897 0.000010
0.999980 0.000010 0.000010
0.247140 0.475182 0.277678
0.225141 0.660042 0.114817
0.000010 0.000010 0.999980
0.400222 0.542936 0.056843
0.287305 0.712685 0.000010
0.379710 0.510338 0.109952
0.000010 0.874445 0.125545
0.290927 0.645117 0.063956
0.000010 0.896623 0.103367
0.322935 0.547592 0.129473
0.249892 0.598506 0.151602
0.964326 0.000010 0.035664
0.222151 0.556451 0.221398
0.000010 0.000010 0.999980
0.248945 0.531622 0.219432
0.231344 0.621520 0.147136
0.000010 0.000010 0.999980
0.258261 0.614318 0.127420
0.454181 0.545809 0.000010
0.297476 0.614076 0.088448
0.254698 0.671851 0.073450
0.000010 0.999980 0.000010
0.000010 0.000010 0.999980
0.270576 0.631249 0.098175
0.235235 0.616637 0.148128
0.000010 0.976290 0.023700
0.000010 0.934886 0.065104
0.253527 0.579260 0.167213
0.164453 0.509462 0.326085
0.000010 0.820903 0.179087
0.327030 0.672738 0.000232
0.999980 0.000010 0.000010
0.229861 0.704107 0.066032
0.000010 0.000010 0.999980
0.339235 0.537147 0.123618
0.261755 0.648635 0.089610
0.179417 0.574391 0.246193
0.999980 0.000010 0.000010
0.358044 0.466161 0.175795
0.262797 0.647975 0.089228
0.220799 0.629017 0.150184
0.319935 0.675210 0.004855
0.197572 0.693972 0.108456
0.000010 0.999980 0.000010
0.999980 0.000010 0.000010
0.999980 0.000010 0.000010
0.000010 0.987923 0.012067
0.000010 0.000010 0.999980
0.360101 0.568414 0.071485
0.000010 0.000010 0.999980
0.307246 0.516264 0.176490
0.784936 0.000010 0.215054
0.250833 0.672944 0.076223
0.000010 0.999980 0.000010
0.303753 0.696237 0.000010
0.000010 0.871395 0.128595
0.000010 0.921409 0.078581
0.369202 0.592683 0.038114
0.145104 0.478667 0.376228
0.000010 0.350250 0.649740
0.306066 0.601313 0.092621
0.336000 0.621861 0.042139
0.255552 0.645794 0.098654
0.000010 0.000010 0.999980
0.000010 0.999980 0.000010
0.285418 0.642592 0.071989
0.296306 0.635855 0.067838
0.380773 0.619217 0.000010
0.000010 0.000010 0.999980
0.999980 0.000010 0.000010
0.281704 0.659867 0.058429
0.999980 0.000010 0.000010
0.219690 0.676382 0.103928
0.356372 0.624225 0.019404
0.000010 0.000010 0.999980
0.000010 0.999980 0.000010
0.327176 0.672814 0.000010
0.999980 0.000010 0.000010
0.202799 0.698390 0.098811
0.168005 0.413735 0.418260
0.256863 0.608632 0.134505
0.000010 0.798537 0.201453
0.000010 0.000010 0.999980
0.000010 0.991382 0.008608
0.249860 0.672422 0.077718
