0.292934 0.485275 0.221781 0.000010
0.340799 0.443588 0.098710 0.116903
0.000010 0.000016 0.999964 0.000010
0.999970 0.000010 0.000010 0.000010
0.000019 0.000010 0.000010 0.999961
0.000010 0.000010 0.999970 0.000010
0.615487 0.000010 0.000010 0.384493
0.000010 0.719904 0.280076 0.000010
0.000010 0.000010 0.000010 0.999970
0.000010 0.788554 0.000010 0.211426
0.313304 0.504746 0.073963 0.107988
0.999970 0.000010 0.000010 0.000010
0.000010 0.563200 0.296255 0.140535
0.227162 0.555324 0.145816 0.071698
0.366014 0.516685 0.000010 0.117292
0.322475 0.419861 0.161125 0.096539
0.359671 0.475136 0.123279 0.041914
0.999970 0.000010 0.000010 0.000010
0.000010 0.000010 0.000010 0.999970
0.234660 0.467220 0.252032 0.046088
0.322543 0.461912 0.177827 0.037717
0.278482 0.398590 0.295948 0.026979
0.248157 0.467327 0.112697 0.171819
0.369670 0.455603 0.114910 0.059817
0.311454 0.413478 0.146433 0.128636
0.352958 0.351702 0.000010 0.295330
0.000010 0.000010 0.999970 0.000010
0.247926 0.377388 0.322156 0.052531
0.406130 0.381679 0.212181 0.000010
0.245809 0.000010 0.000010 0.754171
0.315845 0.413467 0.215289 0.055398
0.262510 0.520159 0.155193 0.062137
0.000010 0.999970 0.000010 0.000010
0.306954 0.482698 0.111526 0.098822
0.000010 0.000010 0.999970 0.000010
0.000010 0.916531 0.000010 0.083449
0.000010 0.999970 0.000010 0.000010
0.000010 0.667410 0.000010 0.332570
0.000010 0.000010 0.999970 0.000010
0.350641 0.564628 0.000010 0.084721
0.999970 0.000010 0.000010 0.000010
0.000014 0.000010 0.000010 0.999966
0.451076 0.510948 0.000010 0.037966
0.368682 0.618811 0.000010 0.012496
0.782000 0.000010 0.000010 0.217980
0.263774 0.568246 0.156163 0.011817
0.241267 0.493187 0.199340 0.066206
0.256588 0.507414 0.211869 0.024129
0.000010 0.000010 0.999970 0.000010
0.244106 0.444708 0.284286 0.026901
0.278897 0.503164 0.217929 0.000010
0.000010 0.999970 0.000010 0.000010
0.000010 0.000010 0.000010 0.999970
0.000010 0.000010 0.999970 0.000010
0.000016 0.000010 0.000010 0.999964
0.271645 0.438710 0.187500 0.102145
0.000010 0.623503 0.376477 0.000010
0.000010 0.999970 0.000010 0.000010
0.999970 0.000010 0.000010 0.000010
0.328083 0.517905 0.147772 0.006239
0.403323 0.393109 0.170399 0.033170
0.329738 0.412583 0.207523 0.050156
0.328798 0.558881 0.000010 0.112311
0.572517 0.000010 0.000010 0.427463
0.489040 0.000010 0.197158 0.313791
0.000010 0.000010 0.000010 0.999970
0.344278 0.462520 0.193192 0.000010
0.000010 0.999970 0.000010 0.000010
0.321760 0.443032 0.161313 0.073894
0.258217 0.451345 0.229831 0.060607
0.000010 0.999970 0.000010 0.000010
0.000010 0.999970 0.000010 0.000010
0.350101 0.459032 0.150126 0.040741
0.000010 0.000010 0.000010 0.999970
0.000010 0.000010 0.999970 0.000010
0.289681 0.498145 0.198848 0.013326
0.000010 0.000010 0.999970 0.000010
0.234355 0.509127 0.223529 0.032990
0.404294 0.386488 0.169092 0.040126
0.999970 0.000010 0.000010 0.000010
0.000010 0.000010 0.000010 0.999970
0.296497 0.495603 0.207890 0.000010
0.000010 0.999970 0.000010 0.000010
0.000010 0.000010 0.880675 0.119305
0.597723 0.000010 0.000010 0.402257
0.310324 0.623871 0.000010 0.065795
0.264221 0.350859 0.234547 0.150374
0.000013 0.000010 0.000010 0.999967
0.325514 0.442356 0.078810 0.153320
0.999970 0.000010 0.000010 0.000010
