0.689515 0.310475 0.000010
0.683460 0.174695 0.141845
0.000010 0.999980 0.000010
0.647338 0.279325 0.073337
0.000010 0.000010 0.999980
0.000010 0.999980 0.000010
0.410528 0.163219 0.426253
0.676902 0.318934 0.004164
0.000010 0.000010 0.999980
0.627951 0.125512 0.246537
0.587559 0.241620 0.170820
0.999980 0.000010 0.000010
0.000010 0.697503 0.302487
0.603332 0.274091 0.122578
0.573752 0.233597 0.192651
0.569603 0.293227 0.137170
0.621481 0.277517 0.101002
0.653826 0.228510 0.117664
0.000010 0.000010 0.999980
0.549730 0.362823 0.087447
0.999980 0.000010 0.000010
0.593863 0.354220 0.051918
0.460686 0.295693 0.243621
0.602001 0.281869 0.116130
0.622360 0.224789 0.152850
0.686221 0.000010 0.313769
0.545047 0.454943 0.000010
0.536888 0.386943 0.076169
0.701802 0.288261 0.009936
0.000010 0.000010 0.999980
0.662807 0.259968 0.077225
0.566612 0.317602 0.115785
0.612269 0.285037 0.102693
0.635375 0.227838 0.136787
0.000010 0.999980 0.000010
0.474956 0.316611 0.208434
0.581867 0.314129 0.104004
0.468543 0.155250 0.376207
0.000010 0.999980 0.000010
0.558642 0.268448 0.172909
0.545673 0.374995 0.079332
0.000010 0.000010 0.999980
0.978556 0.000010 0.021434
0.999980 0.000010 0.000010
0.753967 0.000010 0.246023
0.565995 0.360367 0.073638
0.598481 0.295862 0.105657
0.556526 0.363895 0.079579
0.000010 0.999980 0.000010
0.534987 0.399759 0.065254
0.600537 0.360379 0.039083
0.554020 0.324182 0.121798
0.000010 0.000010 0.999980
0.000010 0.999980 0.000010
0.000010 0.000010 0.999980
0.575159 0.283236 0.141605
0.603533 0.390343 0.006124
0.707704 0.289667 0.002629
0.662388 0.229090 0.108522
0.649248 0.286991 0.063761
0.999980 0.000010 0.000010
0.999980 0.000010 0.000010
0.582429 0.224899 0.192672
0.551341 0.000010 0.448649
0.726519 0.000010 0.273471
0.000010 0.000010 0.999980
0.660825 0.314074 0.025100
0.597643 0.349235 0.053122
0.666467 0.233117 0.100416
0.532858 0.359641 0.107501
0.539915 0.335326 0.124759
0.564456 0.301655 0.133889
0.999980 0.000010 0.000010
0.000010 0.000010 0.999980
0.000010 0.999980 0.000010
0.609775 0.330236 0.059989
0.000010 0.999980 0.000010
0.000010 0.814521 0.185469
0.682961 0.249309 0.067730
0.767408 0.232582 0.000010
0.381068 0.000010 0.618922
0.999980 0.000010 0.000010
0.540074 0.360963 0.098963
0.660064 0.338416 0.001520
0.000010 0.370224 0.629766
0.000010 0.696136 0.303854
0.907759 0.000010 0.092231
0.000010 0.000010 0.999980
0.607806 0.200472 0.191723
0.999980 0.000010 0.000010
