0.000010 0.000010 0.999960 0.000010 0.000010
0.541183 0.220604 0.045693 0.120953 0.071568
0.751041 0.069786 0.082461 0.096702 0.000010
0.981395 0.000010 0.000010 0.000010 0.018575
0.000010 0.000010 0.999960 0.000010 0.000010
0.506858 0.293121 0.077201 0.104639 0.018180
0.645698 0.107308 0.064685 0.149410 0.032899
0.437342 0.000010 0.096887 0.465751 0.000010
0.000010 0.000010 0.000010 0.999960 0.000010
0.794285 0.041665 0.031628 0.132411 0.000010
0.627434 0.151672 0.095707 0.002899 0.122288
0.867766 0.000010 0.098944 0.000010 0.033270
0.691344 0.000010 0.063795 0.240441 0.004409
0.000010 0.000010 0.000010 0.999960 0.000010
0.491341 0.180698 0.087526 0.219878 0.020558
0.734273 0.219315 0.046391 0.000010 0.000010
0.788742 0.048408 0.107268 0.052721 0.002861
0.512052 0.215036 0.083862 0.168844 0.020205
0.475699 0.286867 0.073443 0.144974 0.019017
0.000010 0.000010 0.000010 0.000010 0.999960
0.684108 0.184822 0.080904 0.036880 0.013287
0.691281 0.145261 0.082115 0.075852 0.005491
0.999960 0.000010 0.000010 0.000010 0.000010
0.574920 0.065558 0.000010 0.359502 0.000010
0.999960 0.000010 0.000010 0.000010 0.000010
0.999960 0.000010 0.000010 0.000010 0.000010
0.553340 0.270158 0.067678 0.108814 0.000010
0.759936 0.000010 0.048899 0.187705 0.003450
0.661075 0.064276 0.090706 0.183933 0.000010
0.945195 0.000010 0.000010 0.000010 0.054775
0.700147 0.163994 0.076980 0.040471 0.018408
0.000010 0.000010 0.000010 0.000010 0.999960
0.468449 0.196051 0.040925 0.294565 0.000010
0.000010 0.000019 0.000010 0.000010 0.999951
0.000010 0.999960 0.000010 0.000010 0.000010
0.000010 0.000010 0.000010 0.886033 0.113937
0.999960 0.000010 0.000010 0.000010 0.000010
0.000010 0.999960 0.000010 0.000010 0.000010
0.000010 0.999960 0.000010 0.000010 0.000010
0.583467 0.155417 0.136064 0.113098 0.011954
0.637897 0.299378 0.000010 0.062705 0.000010
0.873436 0.000010 0.000010 0.108808 0.017736
0.507260 0.209292 0.106271 0.161718 0.015459
0.000010 0.999960 0.000010 0.000010 0.000010
0.491278 0.000010 0.000010 0.313871 0.194831
0.643702 0.192698 0.060637 0.102953 0.000010
0.000010 0.000010 0.999960 0.000010 0.000010
0.571506 0.145214 0.090946 0.168911 0.023422
0.524382 0.191483 0.072994 0.188650 0.022493
0.000010 0.000010 0.000010 0.000010 0.999960
0.707630 0.122585 0.061123 0.108652 0.000010
0.000010 0.000010 0.999960 0.000010 0.000010
0.702600 0.000010 0.133947 0.163434 0.000010
0.621066 0.149316 0.060520 0.168848 0.000250
0.512829 0.302162 0.071848 0.096002 0.017158
0.794468 0.000010 0.130223 0.075289 0.000010
0.000010 0.000010 0.000010 0.999960 0.000010
0.000010 0.000010 0.000010 0.999960 0.000010
0.685853 0.061852 0.066974 0.166251 0.019070
0.605828 0.231927 0.110570 0.051666 0.000010
0.626733 0.126127 0.018613 0.217730 0.010796
0.461962 0.134573 0.102028 0.257898 0.043539
0.000010 0.000010 0.000010 0.999960 0.000010
0.707335 0.162724 0.074883 0.046742 0.008316
0.659371 0.319995 0.015964 0.000010 0.004660
0.000010 0.999960 0.000010 0.000010 0.000010
0.479983 0.286160 0.091805 0.142042 0.000010
0.000010 0.000010 0.000010 0.999960 0.000010
0.711690 0.000010 0.086728 0.175616 0.025956
0.700257 0.142947 0.000010 0.156776 0.000010
0.802495 0.063572 0.000010 0.133913 0.000010
0.999960 0.000010 0.000010 0.000010 0.000010
0.500735 0.158954 0.120011 0.216986 0.003315
0.665988 0.174812 0.046019 0.113170 0.000010
0.560182 0.253831 0.030162 0.141844 0.013982
0.000010 0.000010 0.000010 0.999960 0.000010
0.612160 0.000010 0.089273 0.233103 0.065454
0.779021 0.059656 0.072650 0.078527 0.010147
0.441861 0.250666 0.085253 0.206466 0.015755
0.000013 0.999957 0.000010 0.000010 0.000010
0.000010 0.000010 0.000010 0.000010 0.999960
0.582666 0.272586 0.029336 0.115402 0.000010
0.645339 0.129493 0.072415 0.152743 0.000010
0.453890 0.162426 0.115646 0.230044 0.037994
0.819088 0.000010 0.067230 0.102533 0.011139
0.882256 0.113705 0.000010 0.000010 0.004019
0.000010 0.999960 0.000010 0.000010 0.000010
0.629027 0.215774 0.087723 0.053882 0.013595
0.529544 0.248150 0.034597 0.174699 0.013010
0.313822 0.158800 0.167604 0.284352 0.075422
0.684973 0.176509 0.040053 0.098455 0.000010
0.404348 0.249016 0.125374 0.191042 0.030220
0.000010 0.999960 0.000010 0.000010 0.000010
0.000010 0.000010 0.000010 0.000010 0.999960
0.000010 0.000010 0.000010 0.000010 0.999960
0.528027 0.189250 0.078029 0.182089 0.022605
0.749880 0.250090 0.000010 0.000010 0.000010
0.622982 0.140503 0.061611 0.139484 0.035419
0.997231 0.000010 0.000010 0.000010 0.002739
0.715618 0.007041 0.097677 0.179655 0.000010
0.615296 0.282482 0.072801 0.029410 0.000010
0.547280 0.152517 0.076800 0.190132 0.033272
0.259809 0.111107 0.075909 0.348097 0.205078
0.707788 0.202397 0.083170 0.000010 0.006635
0.999960 0.000010 0.000010 0.000010 0.000010
0.605742 0.169745 0.071309 0.153194 0.000010
0.986157 0.000010 0.000010 0.000010 0.013813
0.000010 0.000010 0.000010 0.999960 0.000010
0.000010 0.000010 0.000010 0.000010 0.999960
0.648528 0.178491 0.067535 0.105436 0.000010
0.528220 0.187720 0.121200 0.162850 0.000010
0.430001 0.470339 0.073269 0.026381 0.000010
0.000010 0.999960 0.000010 0.000010 0.000010
0.000010 0.999960 0.000010 0.000010 0.000010
0.431852 0.133242 0.080205 0.200181 0.154520
0.000010 0.000010 0.000010 0.000010 0.999960
0.711623 0.059166 0.105790 0.111326 0.012095
0.564982 0.187055 0.053883 0.181329 0.012751
0.000010 0.000010 0.000010 0.999960 0.000010
0.870876 0.000010 0.000010 0.124895 0.004209
0.679628 0.215159 0.073580 0.000010 0.031624
0.662715 0.201510 0.087149 0.048005 0.000621
0.000010 0.000010 0.999960 0.000010 0.000010
0.988340 0.000010 0.000010 0.000010 0.011630
0.000010 0.000010 0.000010 0.999960 0.000010
0.000010 0.000010 0.999960 0.000010 0.000010
0.670885 0.000010 0.072615 0.236502 0.019987
0.000010 0.000010 0.000010 0.000010 0.999960
0.589694 0.178598 0.090001 0.130978 0.010729
0.000010 0.000010 0.999960 0.000010 0.000010
