0.000010 0.999970 0.000010 0.000010
0.228667 0.058657 0.131220 0.581456
0.069446 0.152012 0.007533 0.771009
0.000010 0.000010 0.000010 0.999970
0.000010 0.999970 0.000010 0.000010
0.294017 0.057843 0.050109 0.598031
0.103562 0.133955 0.082786 0.679697
0.000010 0.163415 0.226697 0.609878
0.000010 0.000010 0.999970 0.000010
0.038339 0.063131 0.015405 0.883125
0.175184 0.085494 0.149459 0.589864
0.000010 0.132941 0.019879 0.847170
0.000010 0.136229 0.080958 0.782803
0.000010 0.000010 0.999970 0.000010
0.166897 0.065691 0.093755 0.673657
0.246922 0.000010 0.000010 0.753058
0.043359 0.158670 0.002647 0.795324
0.217072 0.034655 0.081421 0.666851
0.296037 0.000010 0.069764 0.634189
0.000010 0.000010 0.999970 0.000010
0.194119 0.061103 0.015512 0.729265
0.133186 0.063291 0.010953 0.792569
0.090387 0.108009 0.000010 0.801594
0.010575 0.162030 0.115002 0.712393
0.000010 0.000010 0.000010 0.999970
0.000010 0.155185 0.000010 0.844795
0.267138 0.090910 0.021237 0.620716
0.000010 0.073897 0.065057 0.861036
0.049209 0.134651 0.039486 0.776655
0.000010 0.125333 0.061290 0.813367
0.172547 0.087887 0.025848 0.713718
0.000010 0.000010 0.999970 0.000010
0.183817 0.062865 0.096422 0.656896
0.000010 0.000010 0.999970 0.000010
0.999970 0.000010 0.000010 0.000010
0.000010 0.155485 0.524625 0.319880
0.000010 0.000010 0.000010 0.999970
0.999970 0.000010 0.000010 0.000010
0.999970 0.000010 0.000010 0.000010
0.142998 0.224159 0.038339 0.594503
0.300066 0.000010 0.000010 0.699914
0.000010 0.000010 0.053599 0.946381
0.199300 0.166553 0.066987 0.567161
0.999970 0.000010 0.000010 0.000010
0.000010 0.059852 0.373884 0.566254
0.174939 0.131722 0.007019 0.686319
0.126997 0.000010 0.105780 0.767214
0.158356 0.067143 0.086726 0.687775
0.180533 0.142782 0.085073 0.591612
0.000010 0.000010 0.999970 0.000010
0.123387 0.132359 0.021308 0.722945
0.000010 0.999970 0.000010 0.000010
0.000010 0.105312 0.032758 0.861919
0.133614 0.053233 0.044390 0.768763
0.307859 0.072895 0.047319 0.571926
0.000010 0.160812 0.000010 0.839168
0.000010 0.000010 0.999970 0.000010
0.000010 0.000010 0.999970 0.000010
0.050019 0.151856 0.067679 0.730446
0.225222 0.147667 0.000010 0.627101
0.111726 0.000010 0.086523 0.801741
0.133913 0.150144 0.159179 0.556763
0.130095 0.000010 0.178092 0.691803
0.179939 0.135623 0.020047 0.664391
0.332322 0.000010 0.000010 0.667658
0.999970 0.000010 0.000010 0.000010
0.284749 0.102559 0.040983 0.571708
0.000010 0.000010 0.585145 0.414835
0.015656 0.173725 0.092577 0.718043
0.140549 0.056996 0.049175 0.753280
0.000010 0.000010 0.000010 0.999970
0.000010 0.000010 0.000010 0.999970
0.141191 0.163652 0.064674 0.630483
0.168608 0.061371 0.018167 0.751854
0.255240 0.068984 0.063124 0.612653
0.081206 0.096407 0.098757 0.723630
0.000010 0.816746 0.183234 0.000010
0.000010 0.999970 0.000010 0.000010
0.246506 0.110836 0.094628 0.548030
0.999970 0.000010 0.000010 0.000010
0.000010 0.000010 0.999970 0.000010
0.262342 0.000010 0.015398 0.722250
0.115618 0.134058 0.037341 0.712983
0.165421 0.119266 0.132599 0.582714
0.000010 0.146391 0.037064 0.816535
0.112142 0.000010 0.000010 0.887838
0.999970 0.000010 0.000010 0.000010
0.210915 0.149929 0.018939 0.620216
0.238960 0.003919 0.063549 0.693572
0.151564 0.161982 0.213510 0.472944
0.178335 0.000010 0.020162 0.801493
0.250482 0.152335 0.110167 0.487015
0.999962 0.000018 0.000010 0.000010
0.000010 0.000010 0.999970 0.000010
0.000010 0.000010 0.999970 0.000010
0.189700 0.091868 0.087832 0.630600
0.252135 0.059111 0.000010 0.688743
0.134800 0.177376 0.084865 0.602959
0.000010 0.000010 0.000010 0.999970
0.000010 0.178260 0.044126 0.777604
0.290412 0.072794 0.000010 0.636784
0.146512 0.083034 0.101466 0.668988
0.117253 0.103290 0.412686 0.366771
0.217404 0.097401 0.001059 0.684136
0.000010 0.000010 0.000010 0.999970
0.145175 0.122720 0.019723 0.712383
0.000010 0.999970 0.000010 0.000010
0.000010 0.094171 0.395850 0.509969
0.000010 0.000010 0.999970 0.000010
0.178524 0.114022 0.008622 0.698833
0.166853 0.156993 0.027146 0.649008
0.479317 0.000010 0.000010 0.520663
0.999970 0.000010 0.000010 0.000010
0.999970 0.000010 0.000010 0.000010
0.136140 0.099831 0.259909 0.504120
0.000010 0.000010 0.999970 0.000010
0.067679 0.190580 0.041333 0.700408
0.177849 0.108968 0.070457 0.642727
0.000010 0.000010 0.999970 0.000010
0.000010 0.000010 0.038444 0.961536
0.220446 0.096628 0.028215 0.654711
0.213685 0.065894 0.003667 0.716753
0.000010 0.999970 0.000010 0.000010
0.000010 0.999970 0.000010 0.000010
0.000010 0.095980 0.497150 0.406860
0.170422 0.065488 0.051682 0.712408
0.000010 0.170066 0.102124 0.727800
0.000010 0.000014 0.999966 0.000010
0.169858 0.053501 0.046578 0.730062
0.000010 0.999970 0.000010 0.000010
