0.000010 0.211814 0.788176
0.596674 0.132902 0.270424
0.873245 0.016783 0.109972
0.999884 0.000106 0.000010
0.000010 0.138788 0.861202
0.601284 0.050474 0.348242
0.804532 0.083620 0.111847
0.764194 0.235796 0.000010
0.000010 0.999980 0.000010
0.999980 0.000010 0.000010
0.640215 0.152394 0.207391
0.979844 0.020146 0.000010
0.918317 0.081673 0.000010
0.000010 0.999980 0.000010
0.675389 0.101170 0.223440
0.724021 0.000010 0.275969
0.909476 0.008786 0.081738
0.659021 0.082766 0.258213
0.589076 0.069847 0.341078
0.000010 0.999980 0.000010
0.757681 0.017159 0.225160
0.806737 0.018221 0.175042
0.901636 0.000010 0.098354
0.887084 0.112906 0.000010
0.999980 0.000010 0.000010
0.999980 0.000010 0.000010
0.656719 0.023307 0.319974
0.933404 0.066586 0.000010
0.882710 0.045265 0.072025
0.938181 0.061809 0.000010
0.761973 0.026840 0.211187
0.000015 0.999975 0.000010
0.660864 0.103217 0.235919
0.000010 0.999980 0.000010
0.000010 0.000010 0.999980
0.469414 0.530576 0.000010
0.999980 0.000010 0.000010
0.000010 0.000010 0.999980
0.000010 0.000010 0.999980
0.714084 0.053284 0.232632
0.658304 0.000010 0.341686
0.947215 0.052775 0.000010
0.656420 0.078148 0.265432
0.000010 0.000010 0.999980
0.624543 0.375447 0.000010
0.771973 0.008129 0.219897
0.748919 0.104397 0.146684
0.726271 0.089605 0.184125
0.683644 0.090637 0.225719
0.000010 0.999980 0.000010
0.799867 0.030299 0.169834
0.000010 0.180564 0.819426
0.964917 0.035073 0.000010
0.784301 0.048482 0.167218
0.590412 0.049003 0.360585
0.999980 0.000010 0.000010
0.000010 0.999980 0.000010
0.000010 0.999980 0.000010
0.871678 0.069940 0.058382
0.724384 0.000010 0.275606
0.764987 0.090320 0.144693
0.650459 0.167209 0.182332
0.653697 0.181225 0.165078
0.750682 0.023344 0.225974
0.626963 0.000010 0.373027
0.000010 0.000010 0.999980
0.626252 0.042032 0.331716
0.414123 0.585867 0.000010
0.848659 0.099707 0.051634
0.796451 0.046478 0.157071
0.897233 0.027972 0.074794
0.999980 0.000010 0.000010
0.709913 0.079959 0.210128
0.760522 0.023435 0.216043
0.636809 0.062200 0.300990
0.788389 0.102824 0.108787
0.824602 0.175388 0.000010
0.895386 0.023051 0.081562
0.601064 0.098210 0.300726
0.000010 0.000010 0.999980
0.000010 0.999980 0.000010
0.682057 0.015982 0.301961
0.787303 0.047614 0.165083
0.627538 0.143253 0.229209
0.964005 0.035985 0.000010
0.869586 0.000010 0.130404
0.000010 0.000010 0.999980
0.695377 0.024425 0.280198
0.646993 0.065401 0.287606
0.525741 0.236456 0.237804
0.774488 0.023846 0.201666
0.543783 0.121312 0.334904
0.000010 0.000010 0.999980
0.000010 0.999980 0.000010
0.000014 0.999976 0.000010
0.674312 0.091734 0.233954
0.718422 0.000010 0.281568
0.741264 0.087526 0.171210
0.999980 0.000010 0.000010
0.954832 0.045158 0.000010
0.643318 0.000010 0.356672
0.718027 0.103877 0.178096
0.416467 0.421712 0.161821
0.735004 0.002057 0.262939
0.999980 0.000010 0.000010
0.762204 0.029500 0.208297
0.991808 0.008182 0.000010
0.603698 0.396292 0.000010
0.000011 0.999979 0.000010
0.764375 0.010657 0.224968
0.716593 0.042501 0.240906
0.000010 0.000010 0.999980
0.000010 0.000010 0.999980
0.000010 0.000010 0.999980
0.567693 0.262864 0.169442
0.000010 0.999980 0.000010
0.842324 0.050930 0.106746
0.713935 0.073250 0.212815
0.000010 0.999980 0.000010
0.962614 0.037376 0.000010
0.693544 0.031355 0.275101
0.723715 0.013526 0.262759
0.640987 0.078877 0.280136
0.999063 0.000927 0.000010
0.497206 0.502784 0.000010
0.743274 0.053147 0.203579
0.896388 0.103602 0.000010
0.000010 0.999980 0.000010
0.715230 0.054991 0.229779
0.000010 0.122017 0.877973
